68 24 00 43 05 01 00 00 00 00 00 02 C9 A8 
05 
03 
02 
50 04 02 00 OAD
09 RSD
	Selector9∷=SEQUENCE
	{
	  上第n次记录  unsigned
	}
01 
RCSD
02 00 00 10 02 00 00 00 20 02 00 00

2A0016
GetRecord∷=SEQUENCE
{
  对象属性描述符     OAD，
  记录选择描述符     RSD，
  记录列选择描述符   RCSD
}

读取电表历史日数据
―――――――――――――――――――――――――――
发送时间：2016-09-12 10:36:02.245
发送内容：
68 47 00 43 05 08 00 00 00 00 00 10 5F 0B 
05 
03 
08 
60 12 03 00   对象属性描述符     OAD 任务配置表
							属性3（记录表）∷=array 记录单元
							记录单元∷=structure
							{
							 采集启动时标  date_time_s，
							 采集成功时标  date_time_s，
							 采集存储时标  date_time_s，
							 采集通信地址  TSA，
							 采集的数据1   Data，
							 …
							 采集的数据N   Data
							}

05 RSD 5
							Selector5∷=SEQUENCE
							{
							  采集存储时间  date_time_s，
							  电能表集合    MS
							}
07 E0 09 0C 00 00 00 date_time_s，
01 
05 						//RCSD       RCSD∷=SEQUENCE OF CSD
   
	             CSD∷=CHOICE
	             {
	              	对象属性描述符       [0] OAD，
	              	记录型对象属性描述符 [1] ROAD
	             }
00 						对象属性描述符       [0] OAD
40 01 02 00  			通信地址
00 						
60 40 02 00 			采集启动时标
00 
60 41 02 00 			采集成功时标
00 
60 42 02 00 			采集存储时标
01  							记录型对象属性描述符 [1] ROAD	
50 04 02 00 		OAD   日冻结 冻结数据表
03 							3个   SEQUENCE OF OAD
20 21 02 00 	数据冻结时间	
00 10 02 00 	正向有功电能  属性2  总及费率电能量数组
00 20 02 00 	反向有功电能  
00 07 6B 16 
接收时间：2016-09-12 10:36:02.604
接收内容：68 03 01 C3 05 08 00 00 00 00 00 10 FF 70 85 03 08 60 12 03 00 05 00 40 01 02 00 00 60 40 02 00 00 60 41 02 00 00 60 42 02 00 01 50 04 02 00 03 20 21 02 00 00 10 02 00 00 20 02 00 01 02 55 07 05 00 00 00 00 00 01 1C 07 E0 09 0D 00 00 00 1C 07 E0 09 0D 00 00 0F 1C 07 E0 09 0C 00 00 00 01 03 1C 07 E0 09 0C 00 00 00 01 05 06 00 00 00 00 06 00 00 00 00 06 00 00 00 00 06 00 00 00 00 06 00 00 00 00 01 05 06 00 00 00 00 06 00 00 00 00 06 00 00 00 00 06 00 00 00 00 06 00 00 00 00 55 07 05 00 00 00 00 00 02 1C 07 E0 09 0D 00 00 00 1C 07 E0 09 0D 00 00 10 1C 07 E0 09 0C 00 00 00 01 03 1C 07 E0 09 0C 00 00 00 01 05 06 00 00 00 00 06 00 00 00 00 06 00 00 00 00 06 00 00 00 00 06 00 00 00 00 01 05 06 00 00 00 00 06 00 00 00 00 06 00 00 00 00 06 00 00 00 00 06 00 00 00 00 00 00 1D 52 16 

下发采集档案
68 9D 00 43 05 08 00 00 00 00 00 10 8C 32 
07 
01 
01 
60 00 80 00 
01 02 02 04 12 00 01 02 08 55 07 05 00 00 00 00 00 01 16 03 16 03 51 F2 01 02 01 09 06 00 00 00 00 00 00 11 04 11 00 16 00 02 04 55 07 05 00 00 00 00 00 00 09 06 00 00 00 00 00 00 12 00 01 12 00 01 01 00 02 04 12 00 02 02 08 55 07 05 00 00 00 00 00 02 16 03 16 03 51 F2 01 02 01 09 06 00 00 00 00 00 00 11 04 11 00 16 00 02 04 55 07 05 00 00 00 00 00 00 09 06 00 00 00 00 00 00 12 00 01 12 00 01 01 00 00 2C F8 16 

下装普通采集方案集
68 3F 00 43 05 08 00 00 00 00 00 10 3F E9 
07 01 action-request
04 piid
60 14 7F 00 
01 array
01 个数
02 struc 整体大结构体
06 元素个数

11 unsigned
01 方案编号1
12 long-unsigned
01 00 存储深度，日冻结根据冻结单位为天，也就是存储深度为256天
02 struc
02 个数
11 unsigned
01 采集类型
11 unsigned
01 采集上1次
01 array
01 个数
5B CSD
01 ROAD
50 04 02 00 日冻结
03 
20 21 02 00 数据冻结时间
00 10 02 00 总正向有功电能量
00 20 02 00 总反向有功电能量
5C MS
01 NULL
16 enum
04 相对上日零点零分
00 无时标
DD 90 16 

下发采集任务
68 53 00 43 05 08 00 00 00 00 00 10 4F 24 
07 01 action-request
05 piid
60 12 7F 00 任务配置表
01 array
01 个数
02 struc 整体大结构体
0C 个数12个

11 类型
01 任务id
54 TI
03 日
00 01 1天
16 enum
01 普通采集方案
11 unsigned
01 方案编号1
1C datetimebcd
07 E0 09 0C 00 02 00 20160912000200
1C 
08 33 09 09 09 09 09 20990909090909
54 TI
00 秒
00 00 无间隔
16 enum
02 必要
16 enum
01 正常
12 long unsigned
00 00 任务开始前脚本
12 
00 00 任务完成后脚本
02 struct
02 2个
16 enum
00 前闭后开
01 array
01 1个
02 struct
04 4个
11 unsigned
00 起始小时
11 
00 起始分钟
11 
17 结束小时
11 
3B 结束分钟  [00:00,23:59)抄表时段
00 96 89 16 



读取采集任务监控数据
68 1F 00 43 05 08 00 00 00 00 00 10 B5 0B 
05 03 
07 
60 34 02 00 采集任务监控集
01 
60 35 02 01 采集任务监控单元
11 01 
00 00 DA 5C 16 

接收内容：
68 42 00 C3 05 08 00 00 00 00 00 10 4C C4 
85 03 读取相应，记录性
07 
60 34 02 00 
01 00 
60 35 02 00 
01 01 02 08 11 01 16 02 1C 07 E0 09 0D 00 00 00 1C 07 E0 09 0D 00 00 10 12 00 02 12 00 02 12 00 02 12 00 02 00 00 D2 4E 16 
68 42 00 C3 05 08 00 00 00 00 00 10 4C C4 
85 03 
07 
60 34 02 00 
01 00 
60 35 02 00 
01 array
01 
02 struct
08 
11 unsigned
01 任务id
16 
02 已执行
1C 
07 E0 09 0D 00 00 00 
1C 
07 E0 09 0D 00 00 10 
12 
00 02 
12 
00 02 
12 
00 02 
12 
00 02 
00 00 D2 4E 16 

读取电表历史日数据
发送内容：
68 47 00 43 05 08 00 00 00 00 00 10 5F 0B 
05 03 
08 
60 12 03 00 
05 
07 E0 09 0C 00 00 00 采集存储时间 20160912000000
01 全部电表
05 5个RSD
00 不选
40 01 02 00 
00 
60 40 02 00 
00 
60 41 02 00 
00 
60 42 02 00 
01 
50 04 02 00 //日冻结
03 
20 21 02 00 
00 10 02 00 
00 20 02 00 
00 07 6B 16 


68 03 01 C3 05 08 00 00 00 00 00 10 FF 70 
85 03 
08 
60 12 03 00 
05 
00 
40 01 02 00 
00 
60 40 02 00 
00 
60 41 02 00 
00 
60 42 02 00 
01 
50 04 02 00 
03 
20 21 02 00 
00 10 02 00 
00 20 02 00 
01 
02 
55 TSA
07 05 00 00 00 00 00 01 
1C 
07 E0 09 0D 00 00 00 
1C 
07 E0 09 0D 00 00 0F 
1C 
07 E0 09 0C 00 00 00 
01 
03 
1C 
07 E0 09 0C 00 00 00 
01 
05 
06 
00 00 00 00 
06 
00 00 00 00 
06 
00 00 00 00 
06 
00 00 00 00 
06 
00 00 00 00 
01 
05 
06 
00 00 00 00 
06 
00 00 00 00 
06 
00 00 00 00 
06 
00 00 00 00 
06 
00 00 00 00 
55 TSA
07 05 00 00 00 00 00 02 
1C 
07 E0 09 0D 00 00 00 
1C 
07 E0 09 0D 00 00 10 
1C 
07 E0 09 0C 00 00 00 
01 
03 
1C 
07 E0 09 0C 00 00 00 
01 
05 
06 
00 00 00 00 
06 
00 00 00 00 
06 
00 00 00 00 
06 
00 00 00 00 
06 
00 00 00 00 
01 
05 
06 
00 00 00 00 
06 
00 00 00 00 
06 
00 00 00 00 
06 
00 00 00 00 
06 
00 00 00 00 
00 00 
1D 52 16 



