

下装普通采集方案
68 3F 00 43 05 08 00 00 00 00 00 10 3F E9 
07 01 
04 piid
60 14 7F 00 
01 array
01 
02 stru
06 
11 unsigned
01 方案编号
12 
01 00 存储深度
02 stru
02 
11 
01 
11 
01 采集上一次
01 array
01 
5B csd
01 
50 06 02 00 月冻结
03 
20 21 02 00 数据冻结时间
00 10 02 00 正向有功
00 20 02 00 反向有功
5C MS
01 16 05 00 DD E7 16 


下装采集任务
68 53 00 43 05 08 00 00 00 00 00 10 4F 24 
07 01 
05 
60 12 7F 00 
01 
01 
02 
0C 
11 
01 任务id
54 TI
04 月
00 01 一个月
16 enum
01 普通采集方案
11 
01 方案编号
1C 
07 E0 09 0C 00 02 00 20160912000200
1C 
08 33 09 09 09 09 09 20990909090909
54 TI
00 
00 00 无间隔
16 
02 必要
16 
01 正常
12 
00 00 
12 
00 00 无脚本
02 
02 
16 
00 前闭后开
01 
01 
02 
04 
11 
00 
11 
00 
11 
17 
11 
3B [00:00,23:59)
00 08 37 16 
