下发采集档案
发送内容：
68 9D 00 43 05 08 00 00 00 00 00 10 8C 32 
07 01 
01 
60 00 80 00 128批量添加采集档案配置单元
01 
02 
02 
04 
12 
00 01 配置序号
02 
08 
55 
07 05 00 00 00 00 00 01 表地址
16 
03 2400
16 
03 698
51 
F2 01 02 01 
09 
06 密码
00 00 00 00 00 00 
11 
04 
11 
00 
16 
00 接线方式未知
02 
04 
55 
07 05 00 00 00 00 00 00 采集器地址
09 
06 
00 00 00 00 00 00 资产号
12 
00 01 
12 
00 01 
01 
00 
02 
04 
12 
00 02 
02 
08 
55 
07 05 00 00 00 00 00 02 表地址
16 
03 
16 
03 
51 
F2 01 02 01 
09 
06 
00 00 00 00 00 00 
11 
04 
11 
00 
16 
00 
02 
04 
55 
07 05 00 00 00 00 00 00 采集器地址
09 
06 
00 00 00 00 00 00 
12 
00 01 
12 
00 01 
01 
00 
00 2C 
F8 16 
