68 32 00 32 00 68 4B 46 35 69 86 F2 0C 73 02 01 80 1E C7 16 f248

68 5E 00 5E 00 68 88 46 35 69 86 F2 0C 63 02 01 80 1E 59 12 26 09 16 03 00 A4 38 D5 BE 16 16
68 5E 00 5E 00 68 88 46 35 69 86 F2 0C 63 02 01 80 1E 26 15 26 09 16 33 45 11 22 09 16 3E 16

68 76 00 76 00 68 88 46 35 69 86 F2 0C 63 02 01 80 1E 33 15 26 09 16 56 10 32 54 76 98 33 45 11 22 09 16 45 16


68 3E 00 3E 00 68 4B 46 35 69 86 F2 0D 71 02 01 40 1C 23 09 16 C6 16f231 



68 86 00 86 00 68 4A 46 35 69 86 F2 04 71 01 02    
01 19 01 02 30 02 01 00 00 00 00 00 00 00 00 00    
00 00 00 00 00 00 00 6E 16 f201


68 96 00 96 00 68 4A 46 35 69 86 F2 04 71 01 02    
02 19 87 90 78 56 34 12 01 02 04 08 12 11 02 00    
00 00 00 00 00 00 00 00 00 00 00 98 16 f202



68 11 11 11 11 11 11 68 11 11 44 57 6a 94 48 59 33 33 34 33 88 88 66 46 46 3c 49
68 21 48 51 40 20 00 68 11 11 44 37 3b 33 38 49 33 33 34 33 89 88 34 43 35 44 49
68 98 98 98 98 98 98 68 08 06 63 56 45 47 3c 46

